 1.66944908180301e-003    6.03600654664484e-001
 3.33889816360601e-003    6.79214402618658e-001
 3.33889816360601e-003    7.49427168576105e-001
 3.33889816360601e-003    8.05237315875614e-001
 3.33889816360601e-003    8.55646481178396e-001
 3.33889816360601e-003    9.25859247135843e-001
 3.33889816360601e-003    1.00507364975450e+000
 3.33889816360601e-003    1.01947626841244e+000
 3.89538119087368e-003    1.03387888707038e+000
 4.45186421814135e-003    1.04828150572831e+000
 5.00834724540902e-003    1.06268412438625e+000
 5.00834724540902e-003    1.07708674304419e+000
 4.82285290298646e-003    1.09148936170213e+000
 5.19384158783157e-003    1.10589198036007e+000
 5.93581895752180e-003    1.12029459901800e+000
 6.67779632721202e-003    1.13469721767594e+000
 7.04878501205713e-003    1.14909983633388e+000
 7.23427935447969e-003    1.16350245499182e+000
 7.79076238174736e-003    1.17790507364975e+000
 8.53273975143758e-003    1.19230769230769e+000
 9.27471712112781e-003    1.20671031096563e+000
 9.83120014839547e-003    1.22111292962357e+000
 1.05731775180857e-002    1.23551554828151e+000
 1.13151548877759e-002    1.24971813056919e+000
 1.18716379150436e-002    1.26412074922713e+000
 1.26136152847338e-002    1.27852336788507e+000
 1.35410869968466e-002    1.29292598654301e+000
 1.46540530513819e-002    1.30732860520095e+000
 1.59525134483398e-002    1.32153118748863e+000
 1.68799851604526e-002    1.33593380614657e+000
 1.76219625301428e-002    1.35033642480451e+000
 1.85494342422556e-002    1.36473904346245e+000
 1.92914116119458e-002    1.37914166212039e+000
 1.98478946392135e-002    1.39354428077832e+000
 2.04043776664812e-002    1.40794689943626e+000
 2.09608606937488e-002    1.42234951809420e+000
 2.15173437210165e-002    1.43675213675214e+000
 2.20738267482842e-002    1.45115475541007e+000
 2.26303097755518e-002    1.46555737406801e+000
 2.31867928028195e-002    1.47995999272595e+000
 2.37432758300872e-002    1.49436261138389e+000
 2.42997588573549e-002    1.50876523004183e+000
 2.48562418846225e-002    1.52316784869976e+000
 2.55982192543127e-002    1.53757046735770e+000
 2.67111853088481e-002    1.55177304964539e+000
 2.76386570209609e-002    1.56617566830333e+000
 2.87516230754962e-002    1.58057828696127e+000
 3.00500834724541e-002    1.59478086924895e+000
 3.13485438694120e-002    1.60918348790689e+000
 3.28324986087924e-002    1.62338607019458e+000
 3.46874420330180e-002    1.63758865248227e+000
 3.69133741420887e-002    1.65179123476996e+000
 3.95102949360044e-002    1.66639388979815e+000
 4.34056761268781e-002    1.68039643571558e+000
 5.04544611389353e-002    1.69199854519003e+000
 6.25115933964014e-002    1.69799963629751e+000
 3.33889816360601e-003    9.90671031096563e-001
 3.15340382118345e-003    9.76268412438625e-001
 2.22593210907067e-003    9.61865793780687e-001
 1.29846039695789e-003    9.47663211492999e-001
 1.85494342422556e-003    9.33260592835061e-001
 8.84808013355593e-002    1.61898527004910e+000
 9.88684845112224e-002    1.60978359701764e+000
 1.09812650714153e-001    1.60178214220767e+000
 1.17788907438323e-001    1.59138025095472e+000
 1.21869782971619e-001    1.57837788688853e+000
 1.23353737711000e-001    1.56397526823059e+000
 1.24466703765535e-001    1.54977268594290e+000
 1.26136152847338e-001    1.53557010365521e+000
 1.28176590613986e-001    1.52096744862702e+000
 1.30959005750325e-001    1.50636479359884e+000
 1.37080319050269e-001    1.49416257501364e+000
 1.49137451307735e-001    1.48796144753592e+000
 8.49564088295307e-002    1.63298781596654e+000
 8.27304767204600e-002    1.64719039825423e+000
 8.01335559265442e-002    1.66119294417167e+000
 7.62381747356706e-002    1.67499545371886e+000
 6.99313670933037e-002    1.68759774504455e+000
 5.99146726024856e-002    1.69699945444626e+000
 1.73622704507513e-001    1.53256955810147e+000
 1.83082915971063e-001    1.52236770321877e+000
 1.84752365052866e-001    1.50856519367158e+000
 1.83824893340753e-001    1.49356246590289e+000
 1.84566870710443e-001    1.47915984724495e+000
 1.89204229271007e-001    1.46655755591926e+000
 1.97365980337600e-001    1.45615566466630e+000
 2.07382674828418e-001    1.44695399163484e+000
 2.17770358004081e-001    1.43755228223313e+000
 2.27416063810054e-001    1.42735042735043e+000
 2.36134297903914e-001    1.41634842698672e+000
 2.43739565943239e-001    1.40454628114203e+000
 2.49304396215915e-001    1.39154391707583e+000
 2.52457800037099e-001    1.37794144389889e+000
 2.53756260434057e-001    1.36353882524095e+000
 2.53941754776479e-001    1.34913620658302e+000
 2.53756260434057e-001    1.33473358792508e+000
 2.53570766091634e-001    1.32033096926714e+000
 2.53941754776479e-001    1.30592835060920e+000
 2.55240215173437e-001    1.29152573195126e+000
 2.58764607679466e-001    1.27752318603382e+000
 2.64700426636988e-001    1.26472085833788e+000
 2.72676683361157e-001    1.25311874886343e+000
 2.81394917455018e-001    1.24211674849973e+000
 2.88258208124652e-001    1.23011456628478e+000
 2.92153589315526e-001    1.21671212947809e+000
 2.93081061027639e-001    1.20250954719040e+000
 2.91968094973103e-001    1.18810692853246e+000
 2.90669634576145e-001    1.17390434624477e+000
 2.89927657206455e-001    1.15950172758683e+000
 2.90298645891300e-001    1.14509910892890e+000
 2.91411611945836e-001    1.13069649027096e+000
 2.93266555370061e-001    1.11649390798327e+000
 2.95306993136709e-001    1.10229132569558e+000
 2.97161936560935e-001    1.08808874340789e+000
 2.98460396957893e-001    1.07368612474995e+000
 2.99387868670006e-001    1.05948354246227e+000
 3.00871823409386e-001    1.04508092380433e+000
 3.03468744203302e-001    1.03107837788689e+000
 3.07178631051753e-001    1.01727586833970e+000
 3.11630495269894e-001    1.00347335879251e+000
 3.17009831200148e-001    9.89870885615566e-001
 3.24615099239473e-001    9.78668848881615e-001
 3.37228714524207e-001    9.73667939625386e-001
 1.66202930810610e-001    1.52056737588652e+000
 1.62307549619737e-001    1.50616475722859e+000
 1.56742719347060e-001    1.49356246590289e+000
 1.44314598404749e-001    1.48796144753592e+000
 4.34242255611204e-001    1.01587561374795e+000
 4.39065108514190e-001    1.00247317694126e+000
 4.42404006677796e-001    9.88470631023822e-001
 4.46855870895938e-001    9.74868157846881e-001
 4.53533667223150e-001    9.62465902891435e-001
 4.61695418289742e-001    9.51263866157483e-001
 4.70599146726025e-001    9.40661938534279e-001
 4.79688369504730e-001    9.30260047281324e-001
 4.89334075310703e-001    9.20258228768867e-001
 4.99907252828789e-001    9.11456628477905e-001
 5.11407902058987e-001    9.03855246408438e-001
 5.23279539974031e-001    8.97254046190216e-001
 5.35707660916342e-001    8.92053100563739e-001
 5.48321276201076e-001    8.87652300418258e-001
 5.61120385828232e-001    8.83251500272777e-001
 5.73548506770543e-001    8.77850518276050e-001
 5.84492672973474e-001    8.70049099836334e-001
 5.94138378779447e-001    8.60247317694126e-001
 6.03969578927843e-001    8.50845608292417e-001
 6.15099239473196e-001    8.43844335333697e-001
 6.27527360415507e-001    8.39043462447718e-001
 6.40140975700241e-001    8.34242589561738e-001
 6.51827119272862e-001    8.27641389343517e-001
 6.62400296790948e-001    8.18839789052555e-001
 6.71675013912076e-001    8.08437897799600e-001
 6.78909293266555e-001    7.96435715584652e-001
 6.84474123539232e-001    7.83433351518458e-001
 6.89667965127064e-001    7.70230951082015e-001
 6.95418289742163e-001    7.57428623386070e-001
 7.01725097384530e-001    7.44626295690126e-001
 7.08588388054164e-001    7.32024004364430e-001
 7.16750139120757e-001    7.20421894889980e-001
 7.26952327953997e-001    7.11820330969267e-001
 7.39194954553886e-001    7.07219494453537e-001
 7.52550547208310e-001    7.06219312602291e-001
 7.65906139862734e-001    7.07419530823786e-001
 7.79076238174736e-001    7.08419712675032e-001
 7.92431830829160e-001    7.08219676304783e-001
 8.05601929141161e-001    7.06619385342790e-001
 8.18772027453163e-001    7.04218948899800e-001
 8.31942125765164e-001    7.01418439716312e-001
 8.45112224077166e-001    6.98617930532824e-001
 8.58096828046745e-001    6.95217312238589e-001
 8.71081432016323e-001    6.91416621203855e-001
 8.83695047301057e-001    6.87215857428623e-001
 8.96123168243369e-001    6.82414984542644e-001
 9.08551289185680e-001    6.76413893435170e-001
 9.20237432758301e-001    6.69412620476450e-001
 9.31181598961232e-001    6.61611202036734e-001
 9.41940270821740e-001    6.53009638116021e-001
 9.52142459654981e-001    6.43607928714312e-001
 9.62159154145799e-001    6.34206219312602e-001
 9.72361342979039e-001    6.24804509910893e-001
 9.82563531812280e-001    6.15402800509184e-001
 9.92580226303098e-001    6.06001091107474e-001
 4.26822481914302e-001    1.02787779596290e+000
 4.16063810053793e-001    1.03587925077287e+000
 4.03079206084214e-001    1.03947990543735e+000
 3.89538119087368e-001    1.03847972358611e+000
 3.77295492487479e-001    1.03307874158938e+000
 3.67649786681506e-001    1.02367703218767e+000
 3.59859024299759e-001    1.01207492271322e+000
 3.52624744945279e-001    9.99872704128023e-001
 3.45390465590800e-001    9.87670485542826e-001
 3.38527174921165e-001    9.75268230587380e-001
